0.00000e+000	0.00000e+000	1.00000e-001
0.00000e+000	1.00000e-001	2.00000e-001
0.00000e+000	3.00000e-001	2.00290e-001
0.00000e+000	5.00000e-001	2.00574e-001
0.00000e+000	7.00000e-001	2.00849e-001
0.00000e+000	9.00000e-001	2.01108e-001
0.00000e+000	1.10000e+000	2.01346e-001
0.00000e+000	1.30000e+000	2.01558e-001
0.00000e+000	1.50000e+000	2.01737e-001
0.00000e+000	1.70000e+000	2.01879e-001
0.00000e+000	1.90000e+000	2.01976e-001
0.00000e+000	2.10000e+000	2.02024e-001
0.00000e+000	2.30000e+000	2.02017e-001
0.00000e+000	2.50000e+000	2.01950e-001
0.00000e+000	2.70000e+000	2.01820e-001
0.00000e+000	2.90000e+000	2.01626e-001
0.00000e+000	3.10000e+000	2.01366e-001
0.00000e+000	3.30000e+000	2.01046e-001
0.00000e+000	3.50000e+000	2.00672e-001
0.00000e+000	3.70000e+000	2.00256e-001
0.00000e+000	3.90000e+000	1.99814e-001
0.00000e+000	4.10000e+000	1.99363e-001
0.00000e+000	4.30000e+000	1.98925e-001
0.00000e+000	4.50000e+000	1.98517e-001
0.00000e+000	4.70000e+000	1.98156e-001
0.00000e+000	4.90000e+000	1.97851e-001
0.00000e+000	5.10000e+000	1.97611e-001
0.00000e+000	5.30000e+000	1.97437e-001
0.00000e+000	5.50000e+000	1.97330e-001
0.00000e+000	5.70000e+000	1.97289e-001
0.00000e+000	5.90000e+000	1.97308e-001
0.00000e+000	6.10000e+000	1.97383e-001
0.00000e+000	6.30000e+000	1.97508e-001
0.00000e+000	6.50000e+000	1.97679e-001
0.00000e+000	6.70000e+000	1.97888e-001
0.00000e+000	6.90000e+000	1.98131e-001
0.00000e+000	7.10000e+000	1.98402e-001
0.00000e+000	7.30000e+000	1.98695e-001
0.00000e+000	7.50000e+000	1.99006e-001
0.00000e+000	7.70000e+000	1.99330e-001
0.00000e+000	7.90000e+000	9.96629e-002

5.00000e-001	0.00000e+000	1.00000e-001
5.00000e-001	1.00000e-001	2.00000e-001
5.00000e-001	3.00000e-001	2.02000e-001
5.00000e-001	5.00000e-001	2.03971e-001
5.00000e-001	7.00000e-001	2.05886e-001
5.00000e-001	9.00000e-001	2.07714e-001
5.00000e-001	1.10000e+000	2.09422e-001
5.00000e-001	1.30000e+000	2.10978e-001
5.00000e-001	1.50000e+000	2.12344e-001
5.00000e-001	1.70000e+000	2.13480e-001
5.00000e-001	1.90000e+000	2.14344e-001
5.00000e-001	2.10000e+000	2.14888e-001
5.00000e-001	2.30000e+000	2.15066e-001
5.00000e-001	2.50000e+000	2.14828e-001
5.00000e-001	2.70000e+000	2.14128e-001
5.00000e-001	2.90000e+000	2.12924e-001
5.00000e-001	3.10000e+000	2.11187e-001
5.00000e-001	3.30000e+000	2.08909e-001
5.00000e-001	3.50000e+000	2.06110e-001
5.00000e-001	3.70000e+000	2.02858e-001
5.00000e-001	3.90000e+000	1.99285e-001
5.00000e-001	4.10000e+000	1.95596e-001
5.00000e-001	4.30000e+000	1.92055e-001
5.00000e-001	4.50000e+000	1.88865e-001
5.00000e-001	4.70000e+000	1.86155e-001
5.00000e-001	4.90000e+000	1.83987e-001
5.00000e-001	5.10000e+000	1.82380e-001
5.00000e-001	5.30000e+000	1.81320e-001
5.00000e-001	5.50000e+000	1.80774e-001
5.00000e-001	5.70000e+000	1.80698e-001
5.00000e-001	5.90000e+000	1.81041e-001
5.00000e-001	6.10000e+000	1.81753e-001
5.00000e-001	6.30000e+000	1.82784e-001
5.00000e-001	6.50000e+000	1.84089e-001
5.00000e-001	6.70000e+000	1.85624e-001
5.00000e-001	6.90000e+000	1.87352e-001
5.00000e-001	7.10000e+000	1.89237e-001
5.00000e-001	7.30000e+000	1.91247e-001
5.00000e-001	7.50000e+000	1.93354e-001
5.00000e-001	7.70000e+000	1.95531e-001
5.00000e-001	7.90000e+000	9.77541e-002

1.50000e+000	0.00000e+000	1.00580e-001
1.50000e+000	1.00000e-001	2.01149e-001
1.50000e+000	3.00000e-001	2.05264e-001
1.50000e+000	5.00000e-001	2.09326e-001
1.50000e+000	7.00000e-001	2.13302e-001
1.50000e+000	9.00000e-001	2.17153e-001
1.50000e+000	1.10000e+000	2.20839e-001
1.50000e+000	1.30000e+000	2.24310e-001
1.50000e+000	1.50000e+000	2.27512e-001
1.50000e+000	1.70000e+000	2.30374e-001
1.50000e+000	1.90000e+000	2.32816e-001
1.50000e+000	2.10000e+000	2.34742e-001
1.50000e+000	2.30000e+000	2.36033e-001
1.50000e+000	2.50000e+000	2.36542e-001
1.50000e+000	2.70000e+000	2.36095e-001
1.50000e+000	2.90000e+000	2.34488e-001
1.50000e+000	3.10000e+000	2.31484e-001
1.50000e+000	3.30000e+000	2.26814e-001
1.50000e+000	3.50000e+000	2.20185e-001
1.50000e+000	3.70000e+000	2.11323e-001
1.50000e+000	3.90000e+000	2.00061e-001
1.50000e+000	4.10000e+000	1.87180e-001
1.50000e+000	4.30000e+000	1.76173e-001
1.50000e+000	4.50000e+000	1.67748e-001
1.50000e+000	4.70000e+000	1.61731e-001
1.50000e+000	4.90000e+000	1.57798e-001
1.50000e+000	5.10000e+000	1.55607e-001
1.50000e+000	5.30000e+000	1.54845e-001
1.50000e+000	5.50000e+000	1.55241e-001
1.50000e+000	5.70000e+000	1.56567e-001
1.50000e+000	5.90000e+000	1.58631e-001
1.50000e+000	6.10000e+000	1.61277e-001
1.50000e+000	6.30000e+000	1.64378e-001
1.50000e+000	6.50000e+000	1.67836e-001
1.50000e+000	6.70000e+000	1.71570e-001
1.50000e+000	6.90000e+000	1.75519e-001
1.50000e+000	7.10000e+000	1.79628e-001
1.50000e+000	7.30000e+000	1.83857e-001
1.50000e+000	7.50000e+000	1.88170e-001
1.50000e+000	7.70000e+000	1.92539e-001
1.50000e+000	7.90000e+000	9.62624e-002

2.50000e+000	0.00000e+000	1.02000e-001
2.50000e+000	1.00000e-001	2.03971e-001
2.50000e+000	3.00000e-001	2.11019e-001
2.50000e+000	5.00000e-001	2.18007e-001
2.50000e+000	7.00000e-001	2.24932e-001
2.50000e+000	9.00000e-001	2.31785e-001
2.50000e+000	1.10000e+000	2.38556e-001
2.50000e+000	1.30000e+000	2.45229e-001
2.50000e+000	1.50000e+000	2.51780e-001
2.50000e+000	1.70000e+000	2.58173e-001
2.50000e+000	1.90000e+000	2.64364e-001
2.50000e+000	2.10000e+000	2.70296e-001
2.50000e+000	2.30000e+000	2.75890e-001
2.50000e+000	2.50000e+000	2.81036e-001
2.50000e+000	2.70000e+000	2.85556e-001
2.50000e+000	2.90000e+000	2.89152e-001
2.50000e+000	3.10000e+000	2.91285e-001
2.50000e+000	3.30000e+000	2.90934e-001
2.50000e+000	3.50000e+000	2.86020e-001
2.50000e+000	3.70000e+000	2.71783e-001
2.50000e+000	3.90000e+000	2.32940e-001
2.50000e+000	4.10000e+000	1.37127e-001
2.50000e+000	4.30000e+000	9.97829e-002
2.50000e+000	4.50000e+000	8.76518e-002
2.50000e+000	4.70000e+000	8.54521e-002
2.50000e+000	4.90000e+000	8.80854e-002
2.50000e+000	5.10000e+000	9.32263e-002
2.50000e+000	5.30000e+000	9.96941e-002
2.50000e+000	5.50000e+000	1.06862e-001
2.50000e+000	5.70000e+000	1.14388e-001
2.50000e+000	5.90000e+000	1.22081e-001
2.50000e+000	6.10000e+000	1.29835e-001
2.50000e+000	6.30000e+000	1.37589e-001
2.50000e+000	6.50000e+000	1.45304e-001
2.50000e+000	6.70000e+000	1.52957e-001
2.50000e+000	6.90000e+000	1.60537e-001
2.50000e+000	7.10000e+000	1.68036e-001
2.50000e+000	7.30000e+000	1.75455e-001
2.50000e+000	7.50000e+000	1.82802e-001
2.50000e+000	7.70000e+000	1.90082e-001
2.50000e+000	7.90000e+000	9.50557e-002

3.50000e+000	0.00000e+000	1.04725e-001
3.50000e+000	1.00000e-001	2.09408e-001
3.50000e+000	3.00000e-001	2.19471e-001
3.50000e+000	5.00000e-001	2.29495e-001
3.50000e+000	7.00000e-001	2.39527e-001
3.50000e+000	9.00000e-001	2.49609e-001
3.50000e+000	1.10000e+000	2.59785e-001
3.50000e+000	1.30000e+000	2.70090e-001
3.50000e+000	1.50000e+000	2.80551e-001
3.50000e+000	1.70000e+000	2.91197e-001
3.50000e+000	1.90000e+000	3.02040e-001
3.50000e+000	2.10000e+000	3.13056e-001
3.50000e+000	2.30000e+000	3.24158e-001
3.50000e+000	2.50000e+000	3.35123e-001
3.50000e+000	2.70000e+000	3.45475e-001
3.50000e+000	2.90000e+000	3.54273e-001
3.50000e+000	3.10000e+000	3.59750e-001
3.50000e+000	3.30000e+000	3.58603e-001
3.50000e+000	3.50000e+000	3.44206e-001
3.50000e+000	3.70000e+000	2.99808e-001
3.50000e+000	3.90000e+000	2.12082e-001
3.50000e+000	4.10000e+000	1.30373e-001
3.50000e+000	4.30000e+000	4.74660e-002
3.50000e+000	4.50000e+000	1.16964e-002
3.50000e+000	4.70000e+000	6.12774e-003
3.50000e+000	4.90000e+000	1.29535e-002
3.50000e+000	5.10000e+000	2.54095e-002
3.50000e+000	5.30000e+000	4.02051e-002
3.50000e+000	5.50000e+000	5.56412e-002
3.50000e+000	5.70000e+000	7.08604e-002
3.50000e+000	5.90000e+000	8.54765e-002
3.50000e+000	6.10000e+000	9.93620e-002
3.50000e+000	6.30000e+000	1.12521e-001
3.50000e+000	6.50000e+000	1.25017e-001
3.50000e+000	6.70000e+000	1.36927e-001
3.50000e+000	6.90000e+000	1.48332e-001
3.50000e+000	7.10000e+000	1.59312e-001
3.50000e+000	7.30000e+000	1.69933e-001
3.50000e+000	7.50000e+000	1.80265e-001
3.50000e+000	7.70000e+000	1.90373e-001
3.50000e+000	7.90000e+000	9.52279e-002

4.50000e+000	0.00000e+000	1.09132e-001
4.50000e+000	1.00000e-001	2.18236e-001
4.50000e+000	3.00000e-001	2.30147e-001
4.50000e+000	5.00000e-001	2.42081e-001
4.50000e+000	7.00000e-001	2.54116e-001
4.50000e+000	9.00000e-001	2.66331e-001
4.50000e+000	1.10000e+000	2.78802e-001
4.50000e+000	1.30000e+000	2.91592e-001
4.50000e+000	1.50000e+000	3.04759e-001
4.50000e+000	1.70000e+000	3.18352e-001
4.50000e+000	1.90000e+000	3.32371e-001
4.50000e+000	2.10000e+000	3.46692e-001
4.50000e+000	2.30000e+000	3.60934e-001
4.50000e+000	2.50000e+000	3.74257e-001
4.50000e+000	2.70000e+000	3.85044e-001
4.50000e+000	2.90000e+000	3.90331e-001
4.50000e+000	3.10000e+000	3.84747e-001
4.50000e+000	3.30000e+000	3.57840e-001
4.50000e+000	3.50000e+000	2.80999e-001
4.50000e+000	3.70000e+000	1.15103e-001
4.50000e+000	3.90000e+000	5.82836e-002
4.50000e+000	4.10000e+000	1.41941e-001
4.50000e+000	4.30000e+000	1.19360e-001
4.50000e+000	4.50000e+000	5.14048e-002
4.50000e+000	4.70000e+000	1.72965e-002
4.50000e+000	4.90000e+000	9.62798e-003
4.50000e+000	5.10000e+000	1.46394e-002
4.50000e+000	5.30000e+000	2.64243e-002
4.50000e+000	5.50000e+000	4.15576e-002
4.50000e+000	5.70000e+000	5.79940e-002
4.50000e+000	5.90000e+000	7.45695e-002
4.50000e+000	6.10000e+000	9.06780e-002
4.50000e+000	6.30000e+000	1.06059e-001
4.50000e+000	6.50000e+000	1.20659e-001
4.50000e+000	6.70000e+000	1.34527e-001
4.50000e+000	6.90000e+000	1.47751e-001
4.50000e+000	7.10000e+000	1.60432e-001
4.50000e+000	7.30000e+000	1.72662e-001
4.50000e+000	7.50000e+000	1.84533e-001
4.50000e+000	7.70000e+000	1.96134e-001
4.50000e+000	7.90000e+000	9.81132e-002

5.50000e+000	0.00000e+000	1.14916e-001
5.50000e+000	1.00000e-001	2.29842e-001
5.50000e+000	3.00000e-001	2.41604e-001
5.50000e+000	5.00000e-001	2.53466e-001
5.50000e+000	7.00000e-001	2.65508e-001
5.50000e+000	9.00000e-001	2.77805e-001
5.50000e+000	1.10000e+000	2.90425e-001
5.50000e+000	1.30000e+000	3.03431e-001
5.50000e+000	1.50000e+000	3.16878e-001
5.50000e+000	1.70000e+000	3.30775e-001
5.50000e+000	1.90000e+000	3.45001e-001
5.50000e+000	2.10000e+000	3.59159e-001
5.50000e+000	2.30000e+000	3.72371e-001
5.50000e+000	2.50000e+000	3.82949e-001
5.50000e+000	2.70000e+000	3.87774e-001
5.50000e+000	2.90000e+000	3.81057e-001
5.50000e+000	3.10000e+000	3.51052e-001
5.50000e+000	3.30000e+000	2.67004e-001
5.50000e+000	3.50000e+000	1.00439e-001
5.50000e+000	3.70000e+000	1.51288e-032
5.50000e+000	3.90000e+000	6.27368e-033
5.50000e+000	4.10000e+000	5.01415e-002
5.50000e+000	4.30000e+000	1.33548e-001
5.50000e+000	4.50000e+000	1.31857e-001
5.50000e+000	4.70000e+000	7.16892e-002
5.50000e+000	4.90000e+000	4.72000e-002
5.50000e+000	5.10000e+000	4.57504e-002
5.50000e+000	5.30000e+000	5.37774e-002
5.50000e+000	5.50000e+000	6.61044e-002
5.50000e+000	5.70000e+000	8.02566e-002
5.50000e+000	5.90000e+000	9.49324e-002
5.50000e+000	6.10000e+000	1.09452e-001
5.50000e+000	6.30000e+000	1.23490e-001
5.50000e+000	6.50000e+000	1.36927e-001
5.50000e+000	6.70000e+000	1.49772e-001
5.50000e+000	6.90000e+000	1.62092e-001
5.50000e+000	7.10000e+000	1.73979e-001
5.50000e+000	7.30000e+000	1.85528e-001
5.50000e+000	7.50000e+000	1.96818e-001
5.50000e+000	7.70000e+000	2.07928e-001
5.50000e+000	7.90000e+000	1.03989e-001

6.50000e+000	0.00000e+000	1.21131e-001
6.50000e+000	1.00000e-001	2.42319e-001
6.50000e+000	3.00000e-001	2.51946e-001
6.50000e+000	5.00000e-001	2.61723e-001
6.50000e+000	7.00000e-001	2.71683e-001
6.50000e+000	9.00000e-001	2.81852e-001
6.50000e+000	1.10000e+000	2.92233e-001
6.50000e+000	1.30000e+000	3.02820e-001
6.50000e+000	1.50000e+000	3.13570e-001
6.50000e+000	1.70000e+000	3.24307e-001
6.50000e+000	1.90000e+000	3.34588e-001
6.50000e+000	2.10000e+000	3.43541e-001
6.50000e+000	2.30000e+000	3.49603e-001
6.50000e+000	2.50000e+000	3.50095e-001
6.50000e+000	2.70000e+000	3.40373e-001
6.50000e+000	2.90000e+000	3.11346e-001
6.50000e+000	3.10000e+000	2.42664e-001
6.50000e+000	3.30000e+000	1.03462e-001
6.50000e+000	3.50000e+000	1.94474e-032
6.50000e+000	3.70000e+000	3.79567e-033
6.50000e+000	3.90000e+000	1.43360e-033
6.50000e+000	4.10000e+000	6.29853e-033
6.50000e+000	4.30000e+000	5.13927e-002
6.50000e+000	4.50000e+000	1.38018e-001
6.50000e+000	4.70000e+000	1.39456e-001
6.50000e+000	4.90000e+000	1.14191e-001
6.50000e+000	5.10000e+000	1.12276e-001
6.50000e+000	5.30000e+000	1.17256e-001
6.50000e+000	5.50000e+000	1.25221e-001
6.50000e+000	5.70000e+000	1.34088e-001
6.50000e+000	5.90000e+000	1.43267e-001
6.50000e+000	6.10000e+000	1.52523e-001
6.50000e+000	6.30000e+000	1.61739e-001
6.50000e+000	6.50000e+000	1.70857e-001
6.50000e+000	6.70000e+000	1.79852e-001
6.50000e+000	6.90000e+000	1.88723e-001
6.50000e+000	7.10000e+000	1.97517e-001
6.50000e+000	7.30000e+000	2.06281e-001
6.50000e+000	7.50000e+000	2.15038e-001
6.50000e+000	7.70000e+000	2.23819e-001
6.50000e+000	7.90000e+000	1.11896e-001

7.50000e+000	0.00000e+000	1.26646e-001
7.50000e+000	1.00000e-001	2.53386e-001
7.50000e+000	3.00000e-001	2.59942e-001
7.50000e+000	5.00000e-001	2.66670e-001
7.50000e+000	7.00000e-001	2.73553e-001
7.50000e+000	9.00000e-001	2.80565e-001
7.50000e+000	1.10000e+000	2.87657e-001
7.50000e+000	1.30000e+000	2.94740e-001
7.50000e+000	1.50000e+000	3.01660e-001
7.50000e+000	1.70000e+000	3.08067e-001
7.50000e+000	1.90000e+000	3.13248e-001
7.50000e+000	2.10000e+000	3.15936e-001
7.50000e+000	2.30000e+000	3.13941e-001
7.50000e+000	2.50000e+000	3.03334e-001
7.50000e+000	2.70000e+000	2.75620e-001
7.50000e+000	2.90000e+000	2.11796e-001
7.50000e+000	3.10000e+000	9.46888e-002
7.50000e+000	3.30000e+000	2.19502e-032
7.50000e+000	3.50000e+000	9.36078e-033
7.50000e+000	3.70000e+000	6.37625e-033
7.50000e+000	3.90000e+000	3.71122e-033
7.50000e+000	4.10000e+000	1.27350e-033
7.50000e+000	4.30000e+000	5.09193e-033
7.50000e+000	4.50000e+000	6.16521e-002
7.50000e+000	4.70000e+000	1.60085e-001
7.50000e+000	4.90000e+000	1.81664e-001
7.50000e+000	5.10000e+000	1.88588e-001
7.50000e+000	5.30000e+000	1.90225e-001
7.50000e+000	5.50000e+000	1.92723e-001
7.50000e+000	5.70000e+000	1.95776e-001
7.50000e+000	5.90000e+000	1.98810e-001
7.50000e+000	6.10000e+000	2.02058e-001
7.50000e+000	6.30000e+000	2.05661e-001
7.50000e+000	6.50000e+000	2.09654e-001
7.50000e+000	6.70000e+000	2.13997e-001
7.50000e+000	6.90000e+000	2.18647e-001
7.50000e+000	7.10000e+000	2.23596e-001
7.50000e+000	7.30000e+000	2.28814e-001
7.50000e+000	7.50000e+000	2.34271e-001
7.50000e+000	7.70000e+000	2.39944e-001
7.50000e+000	7.90000e+000	1.19922e-001

8.50000e+000	0.00000e+000	1.30586e-001
8.50000e+000	1.00000e-001	2.61267e-001
8.50000e+000	3.00000e-001	2.64979e-001
8.50000e+000	5.00000e-001	2.68848e-001
8.50000e+000	7.00000e-001	2.72837e-001
8.50000e+000	9.00000e-001	2.76899e-001
8.50000e+000	1.10000e+000	2.80973e-001
8.50000e+000	1.30000e+000	2.84945e-001
8.50000e+000	1.50000e+000	2.88585e-001
8.50000e+000	1.70000e+000	2.91455e-001
8.50000e+000	1.90000e+000	2.92738e-001
8.50000e+000	2.10000e+000	2.90988e-001
8.50000e+000	2.30000e+000	2.83604e-001
8.50000e+000	2.50000e+000	2.64903e-001
8.50000e+000	2.70000e+000	2.23609e-001
8.50000e+000	2.90000e+000	1.34898e-001
8.50000e+000	3.10000e+000	3.59350e-002
8.50000e+000	3.30000e+000	7.36777e-033
8.50000e+000	3.50000e+000	1.47058e-033
8.50000e+000	3.70000e+000	9.69529e-034
8.50000e+000	3.90000e+000	3.05794e-034
8.50000e+000	4.10000e+000	-4.72345e-034
8.50000e+000	4.30000e+000	2.60364e-033
8.50000e+000	4.50000e+000	3.40143e-002
8.50000e+000	4.70000e+000	1.21296e-001
8.50000e+000	4.90000e+000	1.96985e-001
8.50000e+000	5.10000e+000	2.22251e-001
8.50000e+000	5.30000e+000	2.29026e-001
8.50000e+000	5.50000e+000	2.31776e-001
8.50000e+000	5.70000e+000	2.34252e-001
8.50000e+000	5.90000e+000	2.35861e-001
8.50000e+000	6.10000e+000	2.36942e-001
8.50000e+000	6.30000e+000	2.37953e-001
8.50000e+000	6.50000e+000	2.39144e-001
8.50000e+000	6.70000e+000	2.40624e-001
8.50000e+000	6.90000e+000	2.42443e-001
8.50000e+000	7.10000e+000	2.44583e-001
8.50000e+000	7.30000e+000	2.47025e-001
8.50000e+000	7.50000e+000	2.49745e-001
8.50000e+000	7.70000e+000	2.52719e-001
8.50000e+000	7.90000e+000	1.26302e-001

9.50000e+000	0.00000e+000	1.32922e-001
9.50000e+000	1.00000e-001	2.65925e-001
9.50000e+000	3.00000e-001	2.67375e-001
9.50000e+000	5.00000e-001	2.68961e-001
9.50000e+000	7.00000e-001	2.70650e-001
9.50000e+000	9.00000e-001	2.72404e-001
9.50000e+000	1.10000e+000	2.74174e-001
9.50000e+000	1.30000e+000	2.75865e-001
9.50000e+000	1.50000e+000	2.77242e-001
9.50000e+000	1.70000e+000	2.77845e-001
9.50000e+000	1.90000e+000	2.76855e-001
9.50000e+000	2.10000e+000	2.72737e-001
9.50000e+000	2.30000e+000	2.61747e-001
9.50000e+000	2.50000e+000	2.36629e-001
9.50000e+000	2.70000e+000	1.90609e-001
9.50000e+000	2.90000e+000	1.07251e-001
9.50000e+000	3.10000e+000	2.28387e-002
9.50000e+000	3.30000e+000	1.28894e-033
9.50000e+000	3.50000e+000	-5.61311e-034
9.50000e+000	3.70000e+000	-3.70218e-034
9.50000e+000	3.90000e+000	-2.39508e-034
9.50000e+000	4.10000e+000	-1.42393e-034
9.50000e+000	4.30000e+000	2.36573e-033
9.50000e+000	4.50000e+000	2.94009e-002
9.50000e+000	4.70000e+000	1.09255e-001
9.50000e+000	4.90000e+000	1.91467e-001
9.50000e+000	5.10000e+000	2.28943e-001
9.50000e+000	5.30000e+000	2.46060e-001
9.50000e+000	5.50000e+000	2.52552e-001
9.50000e+000	5.70000e+000	2.56153e-001
9.50000e+000	5.90000e+000	2.58257e-001
9.50000e+000	6.10000e+000	2.59030e-001
9.50000e+000	6.30000e+000	2.59136e-001
9.50000e+000	6.50000e+000	2.59032e-001
9.50000e+000	6.70000e+000	2.58980e-001
9.50000e+000	6.90000e+000	2.59087e-001
9.50000e+000	7.10000e+000	2.59381e-001
9.50000e+000	7.30000e+000	2.59875e-001
9.50000e+000	7.50000e+000	2.60574e-001
9.50000e+000	7.70000e+000	2.61472e-001
9.50000e+000	7.90000e+000	1.30688e-001

1.05000e+001	0.00000e+000	1.34015e-001
1.05000e+001	1.00000e-001	2.68099e-001
1.05000e+001	3.00000e-001	2.67631e-001
1.05000e+001	5.00000e-001	2.67280e-001
1.05000e+001	7.00000e-001	2.67018e-001
1.05000e+001	9.00000e-001	2.66813e-001
1.05000e+001	1.10000e+000	2.66627e-001
1.05000e+001	1.30000e+000	2.66380e-001
1.05000e+001	1.50000e+000	2.65850e-001
1.05000e+001	1.70000e+000	2.64579e-001
1.05000e+001	1.90000e+000	2.61693e-001
1.05000e+001	2.10000e+000	2.55203e-001
1.05000e+001	2.30000e+000	2.40256e-001
1.05000e+001	2.50000e+000	2.10388e-001
1.05000e+001	2.70000e+000	1.65150e-001
1.05000e+001	2.90000e+000	9.52522e-002
1.05000e+001	3.10000e+000	2.11065e-002
1.05000e+001	3.30000e+000	-1.82566e-034
1.05000e+001	3.50000e+000	-4.99442e-034
1.05000e+001	3.70000e+000	-1.80280e-034
1.05000e+001	3.90000e+000	6.73492e-035
1.05000e+001	4.10000e+000	2.66044e-034
1.05000e+001	4.30000e+000	2.85393e-033
1.05000e+001	4.50000e+000	3.26812e-002
1.05000e+001	4.70000e+000	1.09037e-001
1.05000e+001	4.90000e+000	1.87855e-001
1.05000e+001	5.10000e+000	2.32573e-001
1.05000e+001	5.30000e+000	2.59341e-001
1.05000e+001	5.50000e+000	2.70718e-001
1.05000e+001	5.70000e+000	2.75404e-001
1.05000e+001	5.90000e+000	2.77297e-001
1.05000e+001	6.10000e+000	2.77200e-001
1.05000e+001	6.30000e+000	2.76131e-001
1.05000e+001	6.50000e+000	2.74674e-001
1.05000e+001	6.70000e+000	2.73147e-001
1.05000e+001	6.90000e+000	2.71689e-001
1.05000e+001	7.10000e+000	2.70345e-001
1.05000e+001	7.30000e+000	2.69144e-001
1.05000e+001	7.50000e+000	2.68103e-001
1.05000e+001	7.70000e+000	2.67227e-001
1.05000e+001	7.90000e+000	1.33572e-001

1.15000e+001	0.00000e+000	1.34134e-001
1.15000e+001	1.00000e-001	2.68335e-001
1.15000e+001	3.00000e-001	2.66146e-001
1.15000e+001	5.00000e-001	2.64054e-001
1.15000e+001	7.00000e-001	2.62020e-001
1.15000e+001	9.00000e-001	2.59997e-001
1.15000e+001	1.10000e+000	2.57937e-001
1.15000e+001	1.30000e+000	2.55751e-001
1.15000e+001	1.50000e+000	2.53209e-001
1.15000e+001	1.70000e+000	2.49830e-001
1.15000e+001	1.90000e+000	2.44634e-001
1.15000e+001	2.10000e+000	2.34876e-001
1.15000e+001	2.30000e+000	2.14812e-001
1.15000e+001	2.50000e+000	1.80647e-001
1.15000e+001	2.70000e+000	1.35830e-001
1.15000e+001	2.90000e+000	7.11378e-002
1.15000e+001	3.10000e+000	-4.98549e-003
1.15000e+001	3.30000e+000	-2.71998e-002
1.15000e+001	3.50000e+000	-3.50577e-003
1.15000e+001	3.70000e+000	4.16107e-003
1.15000e+001	3.90000e+000	2.44253e-003
1.15000e+001	4.10000e+000	-2.19473e-003
1.15000e+001	4.30000e+000	-3.85365e-003
1.15000e+001	4.50000e+000	4.02811e-002
1.15000e+001	4.70000e+000	1.40432e-001
1.15000e+001	4.90000e+000	2.15954e-001
1.15000e+001	5.10000e+000	2.56438e-001
1.15000e+001	5.30000e+000	2.84126e-001
1.15000e+001	5.50000e+000	2.96348e-001
1.15000e+001	5.70000e+000	2.99363e-001
1.15000e+001	5.90000e+000	2.98521e-001
1.15000e+001	6.10000e+000	2.95782e-001
1.15000e+001	6.30000e+000	2.92331e-001
1.15000e+001	6.50000e+000	2.88725e-001
1.15000e+001	6.70000e+000	2.85220e-001
1.15000e+001	6.90000e+000	2.81906e-001
1.15000e+001	7.10000e+000	2.78795e-001
1.15000e+001	7.30000e+000	2.75890e-001
1.15000e+001	7.50000e+000	2.73189e-001
1.15000e+001	7.70000e+000	2.70684e-001
1.15000e+001	7.90000e+000	1.35296e-001

1.25000e+001	0.00000e+000	1.33342e-001
1.25000e+001	1.00000e-001	2.66745e-001
1.25000e+001	3.00000e-001	2.63344e-001
1.25000e+001	5.00000e-001	2.60019e-001
1.25000e+001	7.00000e-001	2.56717e-001
1.25000e+001	9.00000e-001	2.53383e-001
1.25000e+001	1.10000e+000	2.49959e-001
1.25000e+001	1.30000e+000	2.46356e-001
1.25000e+001	1.50000e+000	2.42345e-001
1.25000e+001	1.70000e+000	2.37434e-001
1.25000e+001	1.90000e+000	2.30686e-001
1.25000e+001	2.10000e+000	2.18750e-001
1.25000e+001	2.30000e+000	1.95395e-001
1.25000e+001	2.50000e+000	1.59545e-001
1.25000e+001	2.70000e+000	1.17093e-001
1.25000e+001	2.90000e+000	5.72981e-002
1.25000e+001	3.10000e+000	-2.87475e-002
1.25000e+001	3.30000e+000	-6.49232e-002
1.25000e+001	3.50000e+000	-3.14651e-002
1.25000e+001	3.70000e+000	-1.26873e-002
1.25000e+001	3.90000e+000	-2.92055e-003
1.25000e+001	4.10000e+000	3.82903e-003
1.25000e+001	4.30000e+000	1.36483e-002
1.25000e+001	4.50000e+000	7.72055e-002
1.25000e+001	4.70000e+000	1.90483e-001
1.25000e+001	4.90000e+000	2.51973e-001
1.25000e+001	5.10000e+000	2.80858e-001
1.25000e+001	5.30000e+000	3.04114e-001
1.25000e+001	5.50000e+000	3.14941e-001
1.25000e+001	5.70000e+000	3.15588e-001
1.25000e+001	5.90000e+000	3.12228e-001
1.25000e+001	6.10000e+000	3.07396e-001
1.25000e+001	6.30000e+000	3.02135e-001
1.25000e+001	6.50000e+000	2.96937e-001
1.25000e+001	6.70000e+000	2.92006e-001
1.25000e+001	6.90000e+000	2.87373e-001
1.25000e+001	7.10000e+000	2.83018e-001
1.25000e+001	7.30000e+000	2.78922e-001
1.25000e+001	7.50000e+000	2.75066e-001
1.25000e+001	7.70000e+000	2.71428e-001
1.25000e+001	7.90000e+000	1.35666e-001

1.35000e+001	0.00000e+000	1.31749e-001
1.35000e+001	1.00000e-001	2.63543e-001
1.35000e+001	3.00000e-001	2.59727e-001
1.35000e+001	5.00000e-001	2.55957e-001
1.35000e+001	7.00000e-001	2.52183e-001
1.35000e+001	9.00000e-001	2.48354e-001
1.35000e+001	1.10000e+000	2.44417e-001
1.35000e+001	1.30000e+000	2.40296e-001
1.35000e+001	1.50000e+000	2.35777e-001
1.35000e+001	1.70000e+000	2.30397e-001
1.35000e+001	1.90000e+000	2.23294e-001
1.35000e+001	2.10000e+000	2.10794e-001
1.35000e+001	2.30000e+000	1.86284e-001
1.35000e+001	2.50000e+000	1.49744e-001
1.35000e+001	2.70000e+000	1.09149e-001
1.35000e+001	2.90000e+000	5.83794e-002
1.35000e+001	3.10000e+000	-1.76796e-003
1.35000e+001	3.30000e+000	-4.04932e-002
1.35000e+001	3.50000e+000	-4.92415e-002
1.35000e+001	3.70000e+000	-4.05919e-002
1.35000e+001	3.90000e+000	-1.74077e-002
1.35000e+001	4.10000e+000	1.86335e-002
1.35000e+001	4.30000e+000	6.71262e-002
1.35000e+001	4.50000e+000	1.31231e-001
1.35000e+001	4.70000e+000	2.01958e-001
1.35000e+001	4.90000e+000	2.50394e-001
1.35000e+001	5.10000e+000	2.77594e-001
1.35000e+001	5.30000e+000	3.00546e-001
1.35000e+001	5.50000e+000	3.12768e-001
1.35000e+001	5.70000e+000	3.13222e-001
1.35000e+001	5.90000e+000	3.10287e-001
1.35000e+001	6.10000e+000	3.05807e-001
1.35000e+001	6.30000e+000	3.00773e-001
1.35000e+001	6.50000e+000	2.95686e-001
1.35000e+001	6.70000e+000	2.90769e-001
1.35000e+001	6.90000e+000	2.86061e-001
1.35000e+001	7.10000e+000	2.81554e-001
1.35000e+001	7.30000e+000	2.77244e-001
1.35000e+001	7.50000e+000	2.73121e-001
1.35000e+001	7.70000e+000	2.69172e-001
1.35000e+001	7.90000e+000	1.34547e-001

1.45000e+001	0.00000e+000	1.29760e-001
1.45000e+001	1.00000e-001	2.59547e-001
1.45000e+001	3.00000e-001	2.56027e-001
1.45000e+001	5.00000e-001	2.52526e-001
1.45000e+001	7.00000e-001	2.49010e-001
1.45000e+001	9.00000e-001	2.45437e-001
1.45000e+001	1.10000e+000	2.41769e-001
1.45000e+001	1.30000e+000	2.37945e-001
1.45000e+001	1.50000e+000	2.33776e-001
1.45000e+001	1.70000e+000	2.28845e-001
1.45000e+001	1.90000e+000	2.22367e-001
1.45000e+001	2.10000e+000	2.10064e-001
1.45000e+001	2.30000e+000	1.85030e-001
1.45000e+001	2.50000e+000	1.48230e-001
1.45000e+001	2.70000e+000	1.09064e-001
1.45000e+001	2.90000e+000	6.50569e-002
1.45000e+001	3.10000e+000	2.10395e-002
1.45000e+001	3.30000e+000	-9.05948e-003
1.45000e+001	3.50000e+000	-2.03059e-002
1.45000e+001	3.70000e+000	-1.46339e-002
1.45000e+001	3.90000e+000	6.30269e-003
1.45000e+001	4.10000e+000	4.03545e-002
1.45000e+001	4.30000e+000	8.48608e-002
1.45000e+001	4.50000e+000	1.37091e-001
1.45000e+001	4.70000e+000	1.90516e-001
1.45000e+001	4.90000e+000	2.33272e-001
1.45000e+001	5.10000e+000	2.62839e-001
1.45000e+001	5.30000e+000	2.86442e-001
1.45000e+001	5.50000e+000	3.00402e-001
1.45000e+001	5.70000e+000	3.01363e-001
1.45000e+001	5.90000e+000	2.99167e-001
1.45000e+001	6.10000e+000	2.95920e-001
1.45000e+001	6.30000e+000	2.91998e-001
1.45000e+001	6.50000e+000	2.87883e-001
1.45000e+001	6.70000e+000	2.83800e-001
1.45000e+001	6.90000e+000	2.79802e-001
1.45000e+001	7.10000e+000	2.75899e-001
1.45000e+001	7.30000e+000	2.72101e-001
1.45000e+001	7.50000e+000	2.68413e-001
1.45000e+001	7.70000e+000	2.64834e-001
1.45000e+001	7.90000e+000	1.32391e-001

1.55000e+001	0.00000e+000	1.27804e-001
1.55000e+001	1.00000e-001	2.55623e-001
1.55000e+001	3.00000e-001	2.52841e-001
1.55000e+001	5.00000e-001	2.50065e-001
1.55000e+001	7.00000e-001	2.47270e-001
1.55000e+001	9.00000e-001	2.44426e-001
1.55000e+001	1.10000e+000	2.41505e-001
1.55000e+001	1.30000e+000	2.38456e-001
1.55000e+001	1.50000e+000	2.35109e-001
1.55000e+001	1.70000e+000	2.31081e-001
1.55000e+001	1.90000e+000	2.25649e-001
1.55000e+001	2.10000e+000	2.13077e-001
1.55000e+001	2.30000e+000	1.86383e-001
1.55000e+001	2.50000e+000	1.50251e-001
1.55000e+001	2.70000e+000	1.13892e-001
1.55000e+001	2.90000e+000	7.65248e-002
1.55000e+001	3.10000e+000	4.33639e-002
1.55000e+001	3.30000e+000	2.08920e-002
1.55000e+001	3.50000e+000	1.18583e-002
1.55000e+001	3.70000e+000	1.61473e-002
1.55000e+001	3.90000e+000	3.24815e-002
1.55000e+001	4.10000e+000	5.92092e-002
1.55000e+001	4.30000e+000	9.44101e-002
1.55000e+001	4.50000e+000	1.35291e-001
1.55000e+001	4.70000e+000	1.77483e-001
1.55000e+001	4.90000e+000	2.15143e-001
1.55000e+001	5.10000e+000	2.45087e-001
1.55000e+001	5.30000e+000	2.69148e-001
1.55000e+001	5.50000e+000	2.84987e-001
1.55000e+001	5.70000e+000	2.87425e-001
1.55000e+001	5.90000e+000	2.84907e-001
1.55000e+001	6.10000e+000	2.82904e-001
1.55000e+001	6.30000e+000	2.80212e-001
1.55000e+001	6.50000e+000	2.77262e-001
1.55000e+001	6.70000e+000	2.74265e-001
1.55000e+001	6.90000e+000	2.71277e-001
1.55000e+001	7.10000e+000	2.68311e-001
1.55000e+001	7.30000e+000	2.65384e-001
1.55000e+001	7.50000e+000	2.62511e-001
1.55000e+001	7.70000e+000	2.59696e-001
1.55000e+001	7.90000e+000	1.29833e-001

1.65000e+001	0.00000e+000	1.26164e-001
1.65000e+001	1.00000e-001	2.52337e-001
1.65000e+001	3.00000e-001	2.50503e-001
1.65000e+001	5.00000e-001	2.48672e-001
1.65000e+001	7.00000e-001	2.46828e-001
1.65000e+001	9.00000e-001	2.44952e-001
1.65000e+001	1.10000e+000	2.43021e-001
1.65000e+001	1.30000e+000	2.40997e-001
1.65000e+001	1.50000e+000	2.38717e-001
1.65000e+001	1.70000e+000	2.35815e-001
1.65000e+001	1.90000e+000	2.31227e-001
1.65000e+001	2.10000e+000	2.17322e-001
1.65000e+001	2.30000e+000	1.88511e-001
1.65000e+001	2.50000e+000	1.54608e-001
1.65000e+001	2.70000e+000	1.21746e-001
1.65000e+001	2.90000e+000	9.03016e-002
1.65000e+001	3.10000e+000	6.40004e-002
1.65000e+001	3.30000e+000	4.61840e-002
1.65000e+001	3.50000e+000	3.85078e-002
1.65000e+001	3.70000e+000	4.11745e-002
1.65000e+001	3.90000e+000	5.33979e-002
1.65000e+001	4.10000e+000	7.39763e-002
1.65000e+001	4.30000e+000	1.01403e-001
1.65000e+001	4.50000e+000	1.33493e-001
1.65000e+001	4.70000e+000	1.67329e-001
1.65000e+001	4.90000e+000	1.99562e-001
1.65000e+001	5.10000e+000	2.27637e-001
1.65000e+001	5.30000e+000	2.51104e-001
1.65000e+001	5.50000e+000	2.68368e-001
1.65000e+001	5.70000e+000	2.73290e-001
1.65000e+001	5.90000e+000	2.70424e-001
1.65000e+001	6.10000e+000	2.69236e-001
1.65000e+001	6.30000e+000	2.67768e-001
1.65000e+001	6.50000e+000	2.66026e-001
1.65000e+001	6.70000e+000	2.64193e-001
1.65000e+001	6.90000e+000	2.62318e-001
1.65000e+001	7.10000e+000	2.60416e-001
1.65000e+001	7.30000e+000	2.58507e-001
1.65000e+001	7.50000e+000	2.56610e-001
1.65000e+001	7.70000e+000	2.54737e-001
1.65000e+001	7.90000e+000	1.27360e-001

1.75000e+001	0.00000e+000	1.24982e-001
1.75000e+001	1.00000e-001	2.49970e-001
1.75000e+001	3.00000e-001	2.49086e-001
1.75000e+001	5.00000e-001	2.48211e-001
1.75000e+001	7.00000e-001	2.47342e-001
1.75000e+001	9.00000e-001	2.46472e-001
1.75000e+001	1.10000e+000	2.45596e-001
1.75000e+001	1.30000e+000	2.44690e-001
1.75000e+001	1.50000e+000	2.43620e-001
1.75000e+001	1.70000e+000	2.42043e-001
1.75000e+001	1.90000e+000	2.37471e-001
1.75000e+001	2.10000e+000	2.21629e-001
1.75000e+001	2.30000e+000	1.92881e-001
1.75000e+001	2.50000e+000	1.62782e-001
1.75000e+001	2.70000e+000	1.33912e-001
1.75000e+001	2.90000e+000	1.07385e-001
1.75000e+001	3.10000e+000	8.54438e-002
1.75000e+001	3.30000e+000	7.00057e-002
1.75000e+001	3.50000e+000	6.22107e-002
1.75000e+001	3.70000e+000	6.23661e-002
1.75000e+001	3.90000e+000	7.00677e-002
1.75000e+001	4.10000e+000	8.45577e-002
1.75000e+001	4.30000e+000	1.04804e-001
1.75000e+001	4.50000e+000	1.29278e-001
1.75000e+001	4.70000e+000	1.56014e-001
1.75000e+001	4.90000e+000	1.82902e-001
1.75000e+001	5.10000e+000	2.08095e-001
1.75000e+001	5.30000e+000	2.30326e-001
1.75000e+001	5.50000e+000	2.48705e-001
1.75000e+001	5.70000e+000	2.57623e-001
1.75000e+001	5.90000e+000	2.56565e-001
1.75000e+001	6.10000e+000	2.55948e-001
1.75000e+001	6.30000e+000	2.55912e-001
1.75000e+001	6.50000e+000	2.55531e-001
1.75000e+001	6.70000e+000	2.54942e-001
1.75000e+001	6.90000e+000	2.54215e-001
1.75000e+001	7.10000e+000	2.53387e-001
1.75000e+001	7.30000e+000	2.52493e-001
1.75000e+001	7.50000e+000	2.51564e-001
1.75000e+001	7.70000e+000	2.50625e-001
1.75000e+001	7.90000e+000	1.25310e-001

1.85000e+001	0.00000e+000	1.24309e-001
1.85000e+001	1.00000e-001	2.48626e-001
1.85000e+001	3.00000e-001	2.48421e-001
1.85000e+001	5.00000e-001	2.48228e-001
1.85000e+001	7.00000e-001	2.48040e-001
1.85000e+001	9.00000e-001	2.47850e-001
1.85000e+001	1.10000e+000	2.47647e-001
1.85000e+001	1.30000e+000	2.47401e-001
1.85000e+001	1.50000e+000	2.46966e-001
1.85000e+001	1.70000e+000	2.45665e-001
1.85000e+001	1.90000e+000	2.39187e-001
1.85000e+001	2.10000e+000	2.21965e-001
1.85000e+001	2.30000e+000	1.97167e-001
1.85000e+001	2.50000e+000	1.72371e-001
1.85000e+001	2.70000e+000	1.48317e-001
1.85000e+001	2.90000e+000	1.26180e-001
1.85000e+001	3.10000e+000	1.07298e-001
1.85000e+001	3.30000e+000	9.28841e-002
1.85000e+001	3.50000e+000	8.38357e-002
1.85000e+001	3.70000e+000	8.05912e-002
1.85000e+001	3.90000e+000	8.31423e-002
1.85000e+001	4.10000e+000	9.12351e-002
1.85000e+001	4.30000e+000	1.04398e-001
1.85000e+001	4.50000e+000	1.21786e-001
1.85000e+001	4.70000e+000	1.42213e-001
1.85000e+001	4.90000e+000	1.64354e-001
1.85000e+001	5.10000e+000	1.86892e-001
1.85000e+001	5.30000e+000	2.08484e-001
1.85000e+001	5.50000e+000	2.28526e-001
1.85000e+001	5.70000e+000	2.42884e-001
1.85000e+001	5.90000e+000	2.47435e-001
1.85000e+001	6.10000e+000	2.48201e-001
1.85000e+001	6.30000e+000	2.48783e-001
1.85000e+001	6.50000e+000	2.49005e-001
1.85000e+001	6.70000e+000	2.49024e-001
1.85000e+001	6.90000e+000	2.48916e-001
1.85000e+001	7.10000e+000	2.48721e-001
1.85000e+001	7.30000e+000	2.48472e-001
1.85000e+001	7.50000e+000	2.48200e-001
1.85000e+001	7.70000e+000	2.47927e-001
1.85000e+001	7.90000e+000	1.23959e-001

1.95000e+001	0.00000e+000	1.24084e-001
1.95000e+001	1.00000e-001	2.48184e-001
1.95000e+001	3.00000e-001	2.48231e-001
1.95000e+001	5.00000e-001	2.48301e-001
1.95000e+001	7.00000e-001	2.48381e-001
1.95000e+001	9.00000e-001	2.48459e-001
1.95000e+001	1.10000e+000	2.48518e-001
1.95000e+001	1.30000e+000	2.48518e-001
1.95000e+001	1.50000e+000	2.48245e-001
1.95000e+001	1.70000e+000	2.46103e-001
1.95000e+001	1.90000e+000	2.36795e-001
1.95000e+001	2.10000e+000	2.18778e-001
1.95000e+001	2.30000e+000	1.97450e-001
1.95000e+001	2.50000e+000	1.75957e-001
1.95000e+001	2.70000e+000	1.54885e-001
1.95000e+001	2.90000e+000	1.35225e-001
1.95000e+001	3.10000e+000	1.17983e-001
1.95000e+001	3.30000e+000	1.04134e-001
1.95000e+001	3.50000e+000	9.44972e-002
1.95000e+001	3.70000e+000	8.95847e-002
1.95000e+001	3.90000e+000	8.95916e-002
1.95000e+001	4.10000e+000	9.45161e-002
1.95000e+001	4.30000e+000	1.04162e-001
1.95000e+001	4.50000e+000	1.18019e-001
1.95000e+001	4.70000e+000	1.35271e-001
1.95000e+001	4.90000e+000	1.54937e-001
1.95000e+001	5.10000e+000	1.75961e-001
1.95000e+001	5.30000e+000	1.97194e-001
1.95000e+001	5.50000e+000	2.17948e-001
1.95000e+001	5.70000e+000	2.35676e-001
1.95000e+001	5.90000e+000	2.45166e-001
1.95000e+001	6.10000e+000	2.47418e-001
1.95000e+001	6.30000e+000	2.47668e-001
1.95000e+001	6.50000e+000	2.47612e-001
1.95000e+001	6.70000e+000	2.47492e-001
1.95000e+001	6.90000e+000	2.47356e-001
1.95000e+001	7.10000e+000	2.47219e-001
1.95000e+001	7.30000e+000	2.47095e-001
1.95000e+001	7.50000e+000	2.46996e-001
1.95000e+001	7.70000e+000	2.46933e-001
1.95000e+001	7.90000e+000	1.23456e-001

